  3 28 28 37.39 41.26 42.85 21960 0.00 0.00 0.00     0 37.01 41.00 42.53 11336     0 1.947
  3 28 28 37.39 41.26 42.85 21960 0.00 0.00 0.00     0 37.01 41.00 42.53 11336     0 1.954
  3 28 28 37.39 41.26 42.85 21960 0.00 0.00 0.00     0 37.01 41.00 42.53 11336     0 1.962
  3 28 28 37.39 41.26 42.85 21960 0.00 0.00 0.00     0 37.01 41.00 42.53 11336     0 1.980
  3 28 28 37.39 41.26 42.85 21960 0.00 0.00 0.00     0 37.01 41.00 42.53 11336     0 9.159
  3 28 28 37.39 41.26 42.85 21960 0.00 0.00 0.00     0 37.01 41.00 42.53 11336     0 1.958
  3 28 28 37.39 41.26 42.85 21960 0.00 0.00 0.00     0 37.01 41.00 42.53 11336     0 2.080
  3 28 28 37.39 41.26 42.85 21960 0.00 0.00 0.00     0 37.01 41.00 42.53 11336     0 1.969
  3 28 28 37.39 41.26 42.85 21960 0.00 0.00 0.00     0 37.01 41.00 42.53 11336     0 2.108
  3 28 28 37.39 41.26 42.85 21960 0.00 0.00 0.00     0 37.01 41.00 42.53 11336     0 1.600
  3 28 28 37.39 41.26 42.85 21960 0.00 0.00 0.00     0 37.01 41.00 42.53 11336     0 1.586
  3 28 28 37.39 41.26 42.85 21960 0.00 0.00 0.00     0 37.01 41.00 42.53 11336     0 1.590
  3 28 28 37.39 41.26 42.85 21960 0.00 0.00 0.00     0 37.01 41.00 42.53 11336     0 1.615
